00000000000000000000000000000000
00000000000000000000000000000000
00000000000000000000000000000000
00000000000000000000000000000000
00000000000000000000000000000000
00000000000000000000000000000000
00000000000000000000000000000000
00000000000001110001110000000000
00000000000000000000000000000000
00000000000100010101000100000000
00000000000100010101000100000000
00000000000100010101000100000000
00000000000001110001110000000000
00000000000000000000000000000000
00000000000001110001110000000000
00000000000100010101000100000000
00000000000100010101000100000000
00000000000100010101000100000000
00000000000000000000000000000000
00000000000001110001110000000000
00000000000000000000000000000000
00000000000000000000000000000000
00000000000000000000000000000000
00000000000000000000000000000000
00000000000000000000000000000000
00000000000000000000000000000000
00000000000000000000000000000000
00000000000000000000000000000000
00000000000000000000000000000000
00000000000000000000000000000000
00000000000000000000000000000000
00000000000000000000000000000000